// Square values
9223372036854775808
4611686018427387904
2305843009213693952
1152921504606846976
576460752303423488
288230376151711744
144115188075855872
72057594037927936
36028797018963968
18014398509481984
9007199254740992
4503599627370496
2251799813685248
1125899906842624
562949953421312
281474976710656
140737488355328
70368744177664
35184372088832
17592186044416
8796093022208
4398046511104
2199023255552
1099511627776
549755813888
274877906944
137438953472
68719476736
34359738368
17179869184
8589934592
4294967296
2147483648
1073741824
536870912
268435456
134217728
67108864
33554432
16777216
8388608
4194304
2097152
1048576
524288
262144
131072
65536
32768
16384
8192
4096
2048
1024
512
256
128
64
32
16
8
4
2
1
// Square values
//
// white pawn 1 square moves
0000000000000000000000000000000000000000000000000000000000000000
0000000000000000000000000000000000000000000000000000000000000000
0000000000000000000000000000000000000000000000000000000000000000
0000000000000000000000000000000000000000000000000000000000000000
0000000000000000000000000000000000000000000000000000000000000000
0000000000000000000000000000000000000000000000000000000000000000
0000000000000000000000000000000000000000000000000000000000000000
0000000000000000000000000000000000000000000000000000000000000000
1000000000000000000000000000000000000000000000000000000000000000
0100000000000000000000000000000000000000000000000000000000000000
0010000000000000000000000000000000000000000000000000000000000000
0001000000000000000000000000000000000000000000000000000000000000
0000100000000000000000000000000000000000000000000000000000000000
0000010000000000000000000000000000000000000000000000000000000000
0000001000000000000000000000000000000000000000000000000000000000
0000000100000000000000000000000000000000000000000000000000000000
0000000010000000000000000000000000000000000000000000000000000000
0000000001000000000000000000000000000000000000000000000000000000
0000000000100000000000000000000000000000000000000000000000000000
0000000000010000000000000000000000000000000000000000000000000000
0000000000001000000000000000000000000000000000000000000000000000
0000000000000100000000000000000000000000000000000000000000000000
0000000000000010000000000000000000000000000000000000000000000000
0000000000000001000000000000000000000000000000000000000000000000
0000000000000000100000000000000000000000000000000000000000000000
0000000000000000010000000000000000000000000000000000000000000000
0000000000000000001000000000000000000000000000000000000000000000
0000000000000000000100000000000000000000000000000000000000000000
0000000000000000000010000000000000000000000000000000000000000000
0000000000000000000001000000000000000000000000000000000000000000
0000000000000000000000100000000000000000000000000000000000000000
0000000000000000000000010000000000000000000000000000000000000000
0000000000000000000000001000000000000000000000000000000000000000
0000000000000000000000000100000000000000000000000000000000000000
0000000000000000000000000010000000000000000000000000000000000000
0000000000000000000000000001000000000000000000000000000000000000
0000000000000000000000000000100000000000000000000000000000000000
0000000000000000000000000000010000000000000000000000000000000000
0000000000000000000000000000001000000000000000000000000000000000
0000000000000000000000000000000100000000000000000000000000000000
0000000000000000000000000000000010000000000000000000000000000000
0000000000000000000000000000000001000000000000000000000000000000
0000000000000000000000000000000000100000000000000000000000000000
0000000000000000000000000000000000010000000000000000000000000000
0000000000000000000000000000000000001000000000000000000000000000
0000000000000000000000000000000000000100000000000000000000000000
0000000000000000000000000000000000000010000000000000000000000000
0000000000000000000000000000000000000001000000000000000000000000
0000000000000000000000000000000000000000100000000000000000000000
0000000000000000000000000000000000000000010000000000000000000000
0000000000000000000000000000000000000000001000000000000000000000
0000000000000000000000000000000000000000000100000000000000000000
0000000000000000000000000000000000000000000010000000000000000000
0000000000000000000000000000000000000000000001000000000000000000
0000000000000000000000000000000000000000000000100000000000000000
0000000000000000000000000000000000000000000000010000000000000000
0000000000000000000000000000000000000000000000000000000000000000
0000000000000000000000000000000000000000000000000000000000000000
0000000000000000000000000000000000000000000000000000000000000000
0000000000000000000000000000000000000000000000000000000000000000
0000000000000000000000000000000000000000000000000000000000000000
0000000000000000000000000000000000000000000000000000000000000000
0000000000000000000000000000000000000000000000000000000000000000
0000000000000000000000000000000000000000000000000000000000000000
// white pawn 1 square moves
//
// white pawn 2 square moves
0000000000000000000000000000000000000000000000000000000000000000
0000000000000000000000000000000000000000000000000000000000000000
0000000000000000000000000000000000000000000000000000000000000000
0000000000000000000000000000000000000000000000000000000000000000
0000000000000000000000000000000000000000000000000000000000000000
0000000000000000000000000000000000000000000000000000000000000000
0000000000000000000000000000000000000000000000000000000000000000
0000000000000000000000000000000000000000000000000000000000000000
0000000000000000000000000000000000000000000000000000000000000000
0000000000000000000000000000000000000000000000000000000000000000
0000000000000000000000000000000000000000000000000000000000000000
0000000000000000000000000000000000000000000000000000000000000000
0000000000000000000000000000000000000000000000000000000000000000
0000000000000000000000000000000000000000000000000000000000000000
0000000000000000000000000000000000000000000000000000000000000000
0000000000000000000000000000000000000000000000000000000000000000
0000000000000000000000000000000000000000000000000000000000000000
0000000000000000000000000000000000000000000000000000000000000000
0000000000000000000000000000000000000000000000000000000000000000
0000000000000000000000000000000000000000000000000000000000000000
0000000000000000000000000000000000000000000000000000000000000000
0000000000000000000000000000000000000000000000000000000000000000
0000000000000000000000000000000000000000000000000000000000000000
0000000000000000000000000000000000000000000000000000000000000000
0000000000000000000000000000000000000000000000000000000000000000
0000000000000000000000000000000000000000000000000000000000000000
0000000000000000000000000000000000000000000000000000000000000000
0000000000000000000000000000000000000000000000000000000000000000
0000000000000000000000000000000000000000000000000000000000000000
0000000000000000000000000000000000000000000000000000000000000000
0000000000000000000000000000000000000000000000000000000000000000
0000000000000000000000000000000000000000000000000000000000000000
0000000000000000000000000000000000000000000000000000000000000000
0000000000000000000000000000000000000000000000000000000000000000
0000000000000000000000000000000000000000000000000000000000000000
0000000000000000000000000000000000000000000000000000000000000000
0000000000000000000000000000000000000000000000000000000000000000
0000000000000000000000000000000000000000000000000000000000000000
0000000000000000000000000000000000000000000000000000000000000000
0000000000000000000000000000000000000000000000000000000000000000
0000000000000000000000000000000000000000000000000000000000000000
0000000000000000000000000000000000000000000000000000000000000000
0000000000000000000000000000000000000000000000000000000000000000
0000000000000000000000000000000000000000000000000000000000000000
0000000000000000000000000000000000000000000000000000000000000000
0000000000000000000000000000000000000000000000000000000000000000
0000000000000000000000000000000000000000000000000000000000000000
0000000000000000000000000000000000000000000000000000000000000000
0000000000000000000000000000000010000000000000000000000000000000
0000000000000000000000000000000001000000000000000000000000000000
0000000000000000000000000000000000100000000000000000000000000000
0000000000000000000000000000000000010000000000000000000000000000
0000000000000000000000000000000000001000000000000000000000000000
0000000000000000000000000000000000000100000000000000000000000000
0000000000000000000000000000000000000010000000000000000000000000
0000000000000000000000000000000000000001000000000000000000000000
0000000000000000000000000000000000000000000000000000000000000000
0000000000000000000000000000000000000000000000000000000000000000
0000000000000000000000000000000000000000000000000000000000000000
0000000000000000000000000000000000000000000000000000000000000000
0000000000000000000000000000000000000000000000000000000000000000
0000000000000000000000000000000000000000000000000000000000000000
0000000000000000000000000000000000000000000000000000000000000000
0000000000000000000000000000000000000000000000000000000000000000
// white pawn 2 square moves
//
// white pawn captures
0000000000000000000000000000000000000000000000000000000000000000
0000000000000000000000000000000000000000000000000000000000000000
0000000000000000000000000000000000000000000000000000000000000000
0000000000000000000000000000000000000000000000000000000000000000
0000000000000000000000000000000000000000000000000000000000000000
0000000000000000000000000000000000000000000000000000000000000000
0000000000000000000000000000000000000000000000000000000000000000
0000000000000000000000000000000000000000000000000000000000000000
0100000000000000000000000000000000000000000000000000000000000000
1010000000000000000000000000000000000000000000000000000000000000
0101000000000000000000000000000000000000000000000000000000000000
0010100000000000000000000000000000000000000000000000000000000000
0001010000000000000000000000000000000000000000000000000000000000
0000101000000000000000000000000000000000000000000000000000000000
0000010100000000000000000000000000000000000000000000000000000000
0000001000000000000000000000000000000000000000000000000000000000
0000000001000000000000000000000000000000000000000000000000000000
0000000010100000000000000000000000000000000000000000000000000000
0000000001010000000000000000000000000000000000000000000000000000
0000000000101000000000000000000000000000000000000000000000000000
0000000000010100000000000000000000000000000000000000000000000000
0000000000001010000000000000000000000000000000000000000000000000
0000000000000101000000000000000000000000000000000000000000000000
0000000000000010000000000000000000000000000000000000000000000000
0000000000000000010000000000000000000000000000000000000000000000
0000000000000000101000000000000000000000000000000000000000000000
0000000000000000010100000000000000000000000000000000000000000000
0000000000000000001010000000000000000000000000000000000000000000
0000000000000000000101000000000000000000000000000000000000000000
0000000000000000000010100000000000000000000000000000000000000000
0000000000000000000001010000000000000000000000000000000000000000
0000000000000000000000100000000000000000000000000000000000000000
0000000000000000000000000100000000000000000000000000000000000000
0000000000000000000000001010000000000000000000000000000000000000
0000000000000000000000000101000000000000000000000000000000000000
0000000000000000000000000010100000000000000000000000000000000000
0000000000000000000000000001010000000000000000000000000000000000
0000000000000000000000000000101000000000000000000000000000000000
0000000000000000000000000000010100000000000000000000000000000000
0000000000000000000000000000001000000000000000000000000000000000
0000000000000000000000000000000001000000000000000000000000000000
0000000000000000000000000000000010100000000000000000000000000000
0000000000000000000000000000000001010000000000000000000000000000
0000000000000000000000000000000000101000000000000000000000000000
0000000000000000000000000000000000010100000000000000000000000000
0000000000000000000000000000000000001010000000000000000000000000
0000000000000000000000000000000000000101000000000000000000000000
0000000000000000000000000000000000000010000000000000000000000000
0000000000000000000000000000000000000000010000000000000000000000
0000000000000000000000000000000000000000101000000000000000000000
0000000000000000000000000000000000000000010100000000000000000000
0000000000000000000000000000000000000000001010000000000000000000
0000000000000000000000000000000000000000000101000000000000000000
0000000000000000000000000000000000000000000010100000000000000000
0000000000000000000000000000000000000000000001010000000000000000
0000000000000000000000000000000000000000000000100000000000000000
0000000000000000000000000000000000000000000000000000000000000000
0000000000000000000000000000000000000000000000000000000000000000
0000000000000000000000000000000000000000000000000000000000000000
0000000000000000000000000000000000000000000000000000000000000000
0000000000000000000000000000000000000000000000000000000000000000
0000000000000000000000000000000000000000000000000000000000000000
0000000000000000000000000000000000000000000000000000000000000000
0000000000000000000000000000000000000000000000000000000000000000
// white pawn captures
//
// black pawn 1 square moves
0000000000000000000000000000000000000000000000000000000000000000
0000000000000000000000000000000000000000000000000000000000000000
0000000000000000000000000000000000000000000000000000000000000000
0000000000000000000000000000000000000000000000000000000000000000
0000000000000000000000000000000000000000000000000000000000000000
0000000000000000000000000000000000000000000000000000000000000000
0000000000000000000000000000000000000000000000000000000000000000
0000000000000000000000000000000000000000000000000000000000000000
0000000000000000100000000000000000000000000000000000000000000000
0000000000000000010000000000000000000000000000000000000000000000
0000000000000000001000000000000000000000000000000000000000000000
0000000000000000000100000000000000000000000000000000000000000000
0000000000000000000010000000000000000000000000000000000000000000
0000000000000000000001000000000000000000000000000000000000000000
0000000000000000000000100000000000000000000000000000000000000000
0000000000000000000000010000000000000000000000000000000000000000
0000000000000000000000001000000000000000000000000000000000000000
0000000000000000000000000100000000000000000000000000000000000000
0000000000000000000000000010000000000000000000000000000000000000
0000000000000000000000000001000000000000000000000000000000000000
0000000000000000000000000000100000000000000000000000000000000000
0000000000000000000000000000010000000000000000000000000000000000
0000000000000000000000000000001000000000000000000000000000000000
0000000000000000000000000000000100000000000000000000000000000000
0000000000000000000000000000000010000000000000000000000000000000
0000000000000000000000000000000001000000000000000000000000000000
0000000000000000000000000000000000100000000000000000000000000000
0000000000000000000000000000000000010000000000000000000000000000
0000000000000000000000000000000000001000000000000000000000000000
0000000000000000000000000000000000000100000000000000000000000000
0000000000000000000000000000000000000010000000000000000000000000
0000000000000000000000000000000000000001000000000000000000000000
0000000000000000000000000000000000000000100000000000000000000000
0000000000000000000000000000000000000000010000000000000000000000
0000000000000000000000000000000000000000001000000000000000000000
0000000000000000000000000000000000000000000100000000000000000000
0000000000000000000000000000000000000000000010000000000000000000
0000000000000000000000000000000000000000000001000000000000000000
0000000000000000000000000000000000000000000000100000000000000000
0000000000000000000000000000000000000000000000010000000000000000
0000000000000000000000000000000000000000000000001000000000000000
0000000000000000000000000000000000000000000000000100000000000000
0000000000000000000000000000000000000000000000000010000000000000
0000000000000000000000000000000000000000000000000001000000000000
0000000000000000000000000000000000000000000000000000100000000000
0000000000000000000000000000000000000000000000000000010000000000
0000000000000000000000000000000000000000000000000000001000000000
0000000000000000000000000000000000000000000000000000000100000000
0000000000000000000000000000000000000000000000000000000010000000
0000000000000000000000000000000000000000000000000000000001000000
0000000000000000000000000000000000000000000000000000000000100000
0000000000000000000000000000000000000000000000000000000000010000
0000000000000000000000000000000000000000000000000000000000001000
0000000000000000000000000000000000000000000000000000000000000100
0000000000000000000000000000000000000000000000000000000000000010
0000000000000000000000000000000000000000000000000000000000000001
0000000000000000000000000000000000000000000000000000000000000000
0000000000000000000000000000000000000000000000000000000000000000
0000000000000000000000000000000000000000000000000000000000000000
0000000000000000000000000000000000000000000000000000000000000000
0000000000000000000000000000000000000000000000000000000000000000
0000000000000000000000000000000000000000000000000000000000000000
0000000000000000000000000000000000000000000000000000000000000000
0000000000000000000000000000000000000000000000000000000000000000
// black pawn 1 square moves
//
// black pawn 2 square moves
0000000000000000000000000000000000000000000000000000000000000000
0000000000000000000000000000000000000000000000000000000000000000
0000000000000000000000000000000000000000000000000000000000000000
0000000000000000000000000000000000000000000000000000000000000000
0000000000000000000000000000000000000000000000000000000000000000
0000000000000000000000000000000000000000000000000000000000000000
0000000000000000000000000000000000000000000000000000000000000000
0000000000000000000000000000000000000000000000000000000000000000
0000000000000000000000001000000000000000000000000000000000000000
0000000000000000000000000100000000000000000000000000000000000000
0000000000000000000000000010000000000000000000000000000000000000
0000000000000000000000000001000000000000000000000000000000000000
0000000000000000000000000000100000000000000000000000000000000000
0000000000000000000000000000010000000000000000000000000000000000
0000000000000000000000000000001000000000000000000000000000000000
0000000000000000000000000000000100000000000000000000000000000000
0000000000000000000000000000000000000000000000000000000000000000
0000000000000000000000000000000000000000000000000000000000000000
0000000000000000000000000000000000000000000000000000000000000000
0000000000000000000000000000000000000000000000000000000000000000
0000000000000000000000000000000000000000000000000000000000000000
0000000000000000000000000000000000000000000000000000000000000000
0000000000000000000000000000000000000000000000000000000000000000
0000000000000000000000000000000000000000000000000000000000000000
0000000000000000000000000000000000000000000000000000000000000000
0000000000000000000000000000000000000000000000000000000000000000
0000000000000000000000000000000000000000000000000000000000000000
0000000000000000000000000000000000000000000000000000000000000000
0000000000000000000000000000000000000000000000000000000000000000
0000000000000000000000000000000000000000000000000000000000000000
0000000000000000000000000000000000000000000000000000000000000000
0000000000000000000000000000000000000000000000000000000000000000
0000000000000000000000000000000000000000000000000000000000000000
0000000000000000000000000000000000000000000000000000000000000000
0000000000000000000000000000000000000000000000000000000000000000
0000000000000000000000000000000000000000000000000000000000000000
0000000000000000000000000000000000000000000000000000000000000000
0000000000000000000000000000000000000000000000000000000000000000
0000000000000000000000000000000000000000000000000000000000000000
0000000000000000000000000000000000000000000000000000000000000000
0000000000000000000000000000000000000000000000000000000000000000
0000000000000000000000000000000000000000000000000000000000000000
0000000000000000000000000000000000000000000000000000000000000000
0000000000000000000000000000000000000000000000000000000000000000
0000000000000000000000000000000000000000000000000000000000000000
0000000000000000000000000000000000000000000000000000000000000000
0000000000000000000000000000000000000000000000000000000000000000
0000000000000000000000000000000000000000000000000000000000000000
0000000000000000000000000000000000000000000000000000000000000000
0000000000000000000000000000000000000000000000000000000000000000
0000000000000000000000000000000000000000000000000000000000000000
0000000000000000000000000000000000000000000000000000000000000000
0000000000000000000000000000000000000000000000000000000000000000
0000000000000000000000000000000000000000000000000000000000000000
0000000000000000000000000000000000000000000000000000000000000000
0000000000000000000000000000000000000000000000000000000000000000
0000000000000000000000000000000000000000000000000000000000000000
0000000000000000000000000000000000000000000000000000000000000000
0000000000000000000000000000000000000000000000000000000000000000
0000000000000000000000000000000000000000000000000000000000000000
0000000000000000000000000000000000000000000000000000000000000000
0000000000000000000000000000000000000000000000000000000000000000
0000000000000000000000000000000000000000000000000000000000000000
0000000000000000000000000000000000000000000000000000000000000000
// black pawn 2 square moves
//
// black pawn captures
0000000000000000000000000000000000000000000000000000000000000000
0000000000000000000000000000000000000000000000000000000000000000
0000000000000000000000000000000000000000000000000000000000000000
0000000000000000000000000000000000000000000000000000000000000000
0000000000000000000000000000000000000000000000000000000000000000
0000000000000000000000000000000000000000000000000000000000000000
0000000000000000000000000000000000000000000000000000000000000000
0000000000000000000000000000000000000000000000000000000000000000
0000000000000000010000000000000000000000000000000000000000000000
0000000000000000101000000000000000000000000000000000000000000000
0000000000000000010100000000000000000000000000000000000000000000
0000000000000000001010000000000000000000000000000000000000000000
0000000000000000000101000000000000000000000000000000000000000000
0000000000000000000010100000000000000000000000000000000000000000
0000000000000000000001010000000000000000000000000000000000000000
0000000000000000000000100000000000000000000000000000000000000000
0000000000000000000000000100000000000000000000000000000000000000
0000000000000000000000001010000000000000000000000000000000000000
0000000000000000000000000101000000000000000000000000000000000000
0000000000000000000000000010100000000000000000000000000000000000
0000000000000000000000000001010000000000000000000000000000000000
0000000000000000000000000000101000000000000000000000000000000000
0000000000000000000000000000010100000000000000000000000000000000
0000000000000000000000000000001000000000000000000000000000000000
0000000000000000000000000000000001000000000000000000000000000000
0000000000000000000000000000000010100000000000000000000000000000
0000000000000000000000000000000001010000000000000000000000000000
0000000000000000000000000000000000101000000000000000000000000000
0000000000000000000000000000000000010100000000000000000000000000
0000000000000000000000000000000000001010000000000000000000000000
0000000000000000000000000000000000000101000000000000000000000000
0000000000000000000000000000000000000010000000000000000000000000
0000000000000000000000000000000000000000010000000000000000000000
0000000000000000000000000000000000000000101000000000000000000000
0000000000000000000000000000000000000000010100000000000000000000
0000000000000000000000000000000000000000001010000000000000000000
0000000000000000000000000000000000000000000101000000000000000000
0000000000000000000000000000000000000000000010100000000000000000
0000000000000000000000000000000000000000000001010000000000000000
0000000000000000000000000000000000000000000000100000000000000000
0000000000000000000000000000000000000000000000000100000000000000
0000000000000000000000000000000000000000000000001010000000000000
0000000000000000000000000000000000000000000000000101000000000000
0000000000000000000000000000000000000000000000000010100000000000
0000000000000000000000000000000000000000000000000001010000000000
0000000000000000000000000000000000000000000000000000101000000000
0000000000000000000000000000000000000000000000000000010100000000
0000000000000000000000000000000000000000000000000000001000000000
0000000000000000000000000000000000000000000000000000000001000000
0000000000000000000000000000000000000000000000000000000010100000
0000000000000000000000000000000000000000000000000000000001010000
0000000000000000000000000000000000000000000000000000000000101000
0000000000000000000000000000000000000000000000000000000000010100
0000000000000000000000000000000000000000000000000000000000001010
0000000000000000000000000000000000000000000000000000000000000101
0000000000000000000000000000000000000000000000000000000000000010
0000000000000000000000000000000000000000000000000000000000000000
0000000000000000000000000000000000000000000000000000000000000000
0000000000000000000000000000000000000000000000000000000000000000
0000000000000000000000000000000000000000000000000000000000000000
0000000000000000000000000000000000000000000000000000000000000000
0000000000000000000000000000000000000000000000000000000000000000
0000000000000000000000000000000000000000000000000000000000000000
0000000000000000000000000000000000000000000000000000000000000000
// black pawn captures
//
// knight moves
0000000000100000010000000000000000000000000000000000000000000000
0000000000010000101000000000000000000000000000000000000000000000
0000000010001000010100000000000000000000000000000000000000000000
0000000001000100001010000000000000000000000000000000000000000000
0000000000100010000101000000000000000000000000000000000000000000
0000000000010001000010100000000000000000000000000000000000000000
0000000000001000000001010000000000000000000000000000000000000000
0000000000000100000000100000000000000000000000000000000000000000
0010000000000000001000000100000000000000000000000000000000000000
0001000000000000000100001010000000000000000000000000000000000000
1000100000000000100010000101000000000000000000000000000000000000
0100010000000000010001000010100000000000000000000000000000000000
0010001000000000001000100001010000000000000000000000000000000000
0001000100000000000100010000101000000000000000000000000000000000
0000100000000000000010000000010100000000000000000000000000000000
0000010000000000000001000000001000000000000000000000000000000000
0100000000100000000000000010000001000000000000000000000000000000
1010000000010000000000000001000010100000000000000000000000000000
0101000010001000000000001000100001010000000000000000000000000000
0010100001000100000000000100010000101000000000000000000000000000
0001010000100010000000000010001000010100000000000000000000000000
0000101000010001000000000001000100001010000000000000000000000000
0000010100001000000000000000100000000101000000000000000000000000
0000001000000100000000000000010000000010000000000000000000000000
0000000001000000001000000000000000100000010000000000000000000000
0000000010100000000100000000000000010000101000000000000000000000
0000000001010000100010000000000010001000010100000000000000000000
0000000000101000010001000000000001000100001010000000000000000000
0000000000010100001000100000000000100010000101000000000000000000
0000000000001010000100010000000000010001000010100000000000000000
0000000000000101000010000000000000001000000001010000000000000000
0000000000000010000001000000000000000100000000100000000000000000
0000000000000000010000000010000000000000001000000100000000000000
0000000000000000101000000001000000000000000100001010000000000000
0000000000000000010100001000100000000000100010000101000000000000
0000000000000000001010000100010000000000010001000010100000000000
0000000000000000000101000010001000000000001000100001010000000000
0000000000000000000010100001000100000000000100010000101000000000
0000000000000000000001010000100000000000000010000000010100000000
0000000000000000000000100000010000000000000001000000001000000000
0000000000000000000000000100000000100000000000000010000001000000
0000000000000000000000001010000000010000000000000001000010100000
0000000000000000000000000101000010001000000000001000100001010000
0000000000000000000000000010100001000100000000000100010000101000
0000000000000000000000000001010000100010000000000010001000010100
0000000000000000000000000000101000010001000000000001000100001010
0000000000000000000000000000010100001000000000000000100000000101
0000000000000000000000000000001000000100000000000000010000000010
0000000000000000000000000000000001000000001000000000000000100000
0000000000000000000000000000000010100000000100000000000000010000
0000000000000000000000000000000001010000100010000000000010001000
0000000000000000000000000000000000101000010001000000000001000100
0000000000000000000000000000000000010100001000100000000000100010
0000000000000000000000000000000000001010000100010000000000010001
0000000000000000000000000000000000000101000010000000000000001000
0000000000000000000000000000000000000010000001000000000000000100
0000000000000000000000000000000000000000010000000010000000000000
0000000000000000000000000000000000000000101000000001000000000000
0000000000000000000000000000000000000000010100001000100000000000
0000000000000000000000000000000000000000001010000100010000000000
0000000000000000000000000000000000000000000101000010001000000000
0000000000000000000000000000000000000000000010100001000100000000
0000000000000000000000000000000000000000000001010000100000000000
0000000000000000000000000000000000000000000000100000010000000000
// knight moves
//
// king moves
0100000011000000000000000000000000000000000000000000000000000000
1010000011100000000000000000000000000000000000000000000000000000
0101000001110000000000000000000000000000000000000000000000000000
0010100000111000000000000000000000000000000000000000000000000000
0001010000011100000000000000000000000000000000000000000000000000
0000101000001110000000000000000000000000000000000000000000000000
0000010100000111000000000000000000000000000000000000000000000000
0000001000000011000000000000000000000000000000000000000000000000
1100000001000000110000000000000000000000000000000000000000000000
1110000010100000111000000000000000000000000000000000000000000000
0111000001010000011100000000000000000000000000000000000000000000
0011100000101000001110000000000000000000000000000000000000000000
0001110000010100000111000000000000000000000000000000000000000000
0000111000001010000011100000000000000000000000000000000000000000
0000011100000101000001110000000000000000000000000000000000000000
0000001100000010000000110000000000000000000000000000000000000000
0000000011000000010000001100000000000000000000000000000000000000
0000000011100000101000001110000000000000000000000000000000000000
0000000001110000010100000111000000000000000000000000000000000000
0000000000111000001010000011100000000000000000000000000000000000
0000000000011100000101000001110000000000000000000000000000000000
0000000000001110000010100000111000000000000000000000000000000000
0000000000000111000001010000011100000000000000000000000000000000
0000000000000011000000100000001100000000000000000000000000000000
0000000000000000110000000100000011000000000000000000000000000000
0000000000000000111000001010000011100000000000000000000000000000
0000000000000000011100000101000001110000000000000000000000000000
0000000000000000001110000010100000111000000000000000000000000000
0000000000000000000111000001010000011100000000000000000000000000
0000000000000000000011100000101000001110000000000000000000000000
0000000000000000000001110000010100000111000000000000000000000000
0000000000000000000000110000001000000011000000000000000000000000
0000000000000000000000001100000001000000110000000000000000000000
0000000000000000000000001110000010100000111000000000000000000000
0000000000000000000000000111000001010000011100000000000000000000
0000000000000000000000000011100000101000001110000000000000000000
0000000000000000000000000001110000010100000111000000000000000000
0000000000000000000000000000111000001010000011100000000000000000
0000000000000000000000000000011100000101000001110000000000000000
0000000000000000000000000000001100000010000000110000000000000000
0000000000000000000000000000000011000000010000001100000000000000
0000000000000000000000000000000011100000101000001110000000000000
0000000000000000000000000000000001110000010100000111000000000000
0000000000000000000000000000000000111000001010000011100000000000
0000000000000000000000000000000000011100000101000001110000000000
0000000000000000000000000000000000001110000010100000111000000000
0000000000000000000000000000000000000111000001010000011100000000
0000000000000000000000000000000000000011000000100000001100000000
0000000000000000000000000000000000000000110000000100000011000000
0000000000000000000000000000000000000000111000001010000011100000
0000000000000000000000000000000000000000011100000101000001110000
0000000000000000000000000000000000000000001110000010100000111000
0000000000000000000000000000000000000000000111000001010000011100
0000000000000000000000000000000000000000000011100000101000001110
0000000000000000000000000000000000000000000001110000010100000111
0000000000000000000000000000000000000000000000110000001000000011
0000000000000000000000000000000000000000000000001100000001000000
0000000000000000000000000000000000000000000000001110000010100000
0000000000000000000000000000000000000000000000000111000001010000
0000000000000000000000000000000000000000000000000011100000101000
0000000000000000000000000000000000000000000000000001110000010100
0000000000000000000000000000000000000000000000000000111000001010
0000000000000000000000000000000000000000000000000000011100000101
0000000000000000000000000000000000000000000000000000001100000010
// king moves
//
// right moves
0111111100000000000000000000000000000000000000000000000000000000
0011111100000000000000000000000000000000000000000000000000000000
0001111100000000000000000000000000000000000000000000000000000000
0000111100000000000000000000000000000000000000000000000000000000
0000011100000000000000000000000000000000000000000000000000000000
0000001100000000000000000000000000000000000000000000000000000000
0000000100000000000000000000000000000000000000000000000000000000
0000000000000000000000000000000000000000000000000000000000000000
0000000001111111000000000000000000000000000000000000000000000000
0000000000111111000000000000000000000000000000000000000000000000
0000000000011111000000000000000000000000000000000000000000000000
0000000000001111000000000000000000000000000000000000000000000000
0000000000000111000000000000000000000000000000000000000000000000
0000000000000011000000000000000000000000000000000000000000000000
0000000000000001000000000000000000000000000000000000000000000000
0000000000000000000000000000000000000000000000000000000000000000
0000000000000000011111110000000000000000000000000000000000000000
0000000000000000001111110000000000000000000000000000000000000000
0000000000000000000111110000000000000000000000000000000000000000
0000000000000000000011110000000000000000000000000000000000000000
0000000000000000000001110000000000000000000000000000000000000000
0000000000000000000000110000000000000000000000000000000000000000
0000000000000000000000010000000000000000000000000000000000000000
0000000000000000000000000000000000000000000000000000000000000000
0000000000000000000000000111111100000000000000000000000000000000
0000000000000000000000000011111100000000000000000000000000000000
0000000000000000000000000001111100000000000000000000000000000000
0000000000000000000000000000111100000000000000000000000000000000
0000000000000000000000000000011100000000000000000000000000000000
0000000000000000000000000000001100000000000000000000000000000000
0000000000000000000000000000000100000000000000000000000000000000
0000000000000000000000000000000000000000000000000000000000000000
0000000000000000000000000000000001111111000000000000000000000000
0000000000000000000000000000000000111111000000000000000000000000
0000000000000000000000000000000000011111000000000000000000000000
0000000000000000000000000000000000001111000000000000000000000000
0000000000000000000000000000000000000111000000000000000000000000
0000000000000000000000000000000000000011000000000000000000000000
0000000000000000000000000000000000000001000000000000000000000000
0000000000000000000000000000000000000000000000000000000000000000
0000000000000000000000000000000000000000011111110000000000000000
0000000000000000000000000000000000000000001111110000000000000000
0000000000000000000000000000000000000000000111110000000000000000
0000000000000000000000000000000000000000000011110000000000000000
0000000000000000000000000000000000000000000001110000000000000000
0000000000000000000000000000000000000000000000110000000000000000
0000000000000000000000000000000000000000000000010000000000000000
0000000000000000000000000000000000000000000000000000000000000000
0000000000000000000000000000000000000000000000000111111100000000
0000000000000000000000000000000000000000000000000011111100000000
0000000000000000000000000000000000000000000000000001111100000000
0000000000000000000000000000000000000000000000000000111100000000
0000000000000000000000000000000000000000000000000000011100000000
0000000000000000000000000000000000000000000000000000001100000000
0000000000000000000000000000000000000000000000000000000100000000
0000000000000000000000000000000000000000000000000000000000000000
0000000000000000000000000000000000000000000000000000000001111111
0000000000000000000000000000000000000000000000000000000000111111
0000000000000000000000000000000000000000000000000000000000011111
0000000000000000000000000000000000000000000000000000000000001111
0000000000000000000000000000000000000000000000000000000000000111
0000000000000000000000000000000000000000000000000000000000000011
0000000000000000000000000000000000000000000000000000000000000001
0000000000000000000000000000000000000000000000000000000000000000
// right moves
//
// left moves
0000000000000000000000000000000000000000000000000000000000000000
1000000000000000000000000000000000000000000000000000000000000000
1100000000000000000000000000000000000000000000000000000000000000
1110000000000000000000000000000000000000000000000000000000000000
1111000000000000000000000000000000000000000000000000000000000000
1111100000000000000000000000000000000000000000000000000000000000
1111110000000000000000000000000000000000000000000000000000000000
1111111000000000000000000000000000000000000000000000000000000000
0000000000000000000000000000000000000000000000000000000000000000
0000000010000000000000000000000000000000000000000000000000000000
0000000011000000000000000000000000000000000000000000000000000000
0000000011100000000000000000000000000000000000000000000000000000
0000000011110000000000000000000000000000000000000000000000000000
0000000011111000000000000000000000000000000000000000000000000000
0000000011111100000000000000000000000000000000000000000000000000
0000000011111110000000000000000000000000000000000000000000000000
0000000000000000000000000000000000000000000000000000000000000000
0000000000000000100000000000000000000000000000000000000000000000
0000000000000000110000000000000000000000000000000000000000000000
0000000000000000111000000000000000000000000000000000000000000000
0000000000000000111100000000000000000000000000000000000000000000
0000000000000000111110000000000000000000000000000000000000000000
0000000000000000111111000000000000000000000000000000000000000000
0000000000000000111111100000000000000000000000000000000000000000
0000000000000000000000000000000000000000000000000000000000000000
0000000000000000000000001000000000000000000000000000000000000000
0000000000000000000000001100000000000000000000000000000000000000
0000000000000000000000001110000000000000000000000000000000000000
0000000000000000000000001111000000000000000000000000000000000000
0000000000000000000000001111100000000000000000000000000000000000
0000000000000000000000001111110000000000000000000000000000000000
0000000000000000000000001111111000000000000000000000000000000000
0000000000000000000000000000000000000000000000000000000000000000
0000000000000000000000000000000010000000000000000000000000000000
0000000000000000000000000000000011000000000000000000000000000000
0000000000000000000000000000000011100000000000000000000000000000
0000000000000000000000000000000011110000000000000000000000000000
0000000000000000000000000000000011111000000000000000000000000000
0000000000000000000000000000000011111100000000000000000000000000
0000000000000000000000000000000011111110000000000000000000000000
0000000000000000000000000000000000000000000000000000000000000000
0000000000000000000000000000000000000000100000000000000000000000
0000000000000000000000000000000000000000110000000000000000000000
0000000000000000000000000000000000000000111000000000000000000000
0000000000000000000000000000000000000000111100000000000000000000
0000000000000000000000000000000000000000111110000000000000000000
0000000000000000000000000000000000000000111111000000000000000000
0000000000000000000000000000000000000000111111100000000000000000
0000000000000000000000000000000000000000000000000000000000000000
0000000000000000000000000000000000000000000000001000000000000000
0000000000000000000000000000000000000000000000001100000000000000
0000000000000000000000000000000000000000000000001110000000000000
0000000000000000000000000000000000000000000000001111000000000000
0000000000000000000000000000000000000000000000001111100000000000
0000000000000000000000000000000000000000000000001111110000000000
0000000000000000000000000000000000000000000000001111111000000000
0000000000000000000000000000000000000000000000000000000000000000
0000000000000000000000000000000000000000000000000000000010000000
0000000000000000000000000000000000000000000000000000000011000000
0000000000000000000000000000000000000000000000000000000011100000
0000000000000000000000000000000000000000000000000000000011110000
0000000000000000000000000000000000000000000000000000000011111000
0000000000000000000000000000000000000000000000000000000011111100
0000000000000000000000000000000000000000000000000000000011111110
// left moves
//
// up moves
0000000000000000000000000000000000000000000000000000000000000000
0000000000000000000000000000000000000000000000000000000000000000
0000000000000000000000000000000000000000000000000000000000000000
0000000000000000000000000000000000000000000000000000000000000000
0000000000000000000000000000000000000000000000000000000000000000
0000000000000000000000000000000000000000000000000000000000000000
0000000000000000000000000000000000000000000000000000000000000000
0000000000000000000000000000000000000000000000000000000000000000
1000000000000000000000000000000000000000000000000000000000000000
0100000000000000000000000000000000000000000000000000000000000000
0010000000000000000000000000000000000000000000000000000000000000
0001000000000000000000000000000000000000000000000000000000000000
0000100000000000000000000000000000000000000000000000000000000000
0000010000000000000000000000000000000000000000000000000000000000
0000001000000000000000000000000000000000000000000000000000000000
0000000100000000000000000000000000000000000000000000000000000000
1000000010000000000000000000000000000000000000000000000000000000
0100000001000000000000000000000000000000000000000000000000000000
0010000000100000000000000000000000000000000000000000000000000000
0001000000010000000000000000000000000000000000000000000000000000
0000100000001000000000000000000000000000000000000000000000000000
0000010000000100000000000000000000000000000000000000000000000000
0000001000000010000000000000000000000000000000000000000000000000
0000000100000001000000000000000000000000000000000000000000000000
1000000010000000100000000000000000000000000000000000000000000000
0100000001000000010000000000000000000000000000000000000000000000
0010000000100000001000000000000000000000000000000000000000000000
0001000000010000000100000000000000000000000000000000000000000000
0000100000001000000010000000000000000000000000000000000000000000
0000010000000100000001000000000000000000000000000000000000000000
0000001000000010000000100000000000000000000000000000000000000000
0000000100000001000000010000000000000000000000000000000000000000
1000000010000000100000001000000000000000000000000000000000000000
0100000001000000010000000100000000000000000000000000000000000000
0010000000100000001000000010000000000000000000000000000000000000
0001000000010000000100000001000000000000000000000000000000000000
0000100000001000000010000000100000000000000000000000000000000000
0000010000000100000001000000010000000000000000000000000000000000
0000001000000010000000100000001000000000000000000000000000000000
0000000100000001000000010000000100000000000000000000000000000000
1000000010000000100000001000000010000000000000000000000000000000
0100000001000000010000000100000001000000000000000000000000000000
0010000000100000001000000010000000100000000000000000000000000000
0001000000010000000100000001000000010000000000000000000000000000
0000100000001000000010000000100000001000000000000000000000000000
0000010000000100000001000000010000000100000000000000000000000000
0000001000000010000000100000001000000010000000000000000000000000
0000000100000001000000010000000100000001000000000000000000000000
1000000010000000100000001000000010000000100000000000000000000000
0100000001000000010000000100000001000000010000000000000000000000
0010000000100000001000000010000000100000001000000000000000000000
0001000000010000000100000001000000010000000100000000000000000000
0000100000001000000010000000100000001000000010000000000000000000
0000010000000100000001000000010000000100000001000000000000000000
0000001000000010000000100000001000000010000000100000000000000000
0000000100000001000000010000000100000001000000010000000000000000
1000000010000000100000001000000010000000100000001000000000000000
0100000001000000010000000100000001000000010000000100000000000000
0010000000100000001000000010000000100000001000000010000000000000
0001000000010000000100000001000000010000000100000001000000000000
0000100000001000000010000000100000001000000010000000100000000000
0000010000000100000001000000010000000100000001000000010000000000
0000001000000010000000100000001000000010000000100000001000000000
0000000100000001000000010000000100000001000000010000000100000000
// up moves
//
// down moves
0000000010000000100000001000000010000000100000001000000010000000
0000000001000000010000000100000001000000010000000100000001000000
0000000000100000001000000010000000100000001000000010000000100000
0000000000010000000100000001000000010000000100000001000000010000
0000000000001000000010000000100000001000000010000000100000001000
0000000000000100000001000000010000000100000001000000010000000100
0000000000000010000000100000001000000010000000100000001000000010
0000000000000001000000010000000100000001000000010000000100000001
0000000000000000100000001000000010000000100000001000000010000000
0000000000000000010000000100000001000000010000000100000001000000
0000000000000000001000000010000000100000001000000010000000100000
0000000000000000000100000001000000010000000100000001000000010000
0000000000000000000010000000100000001000000010000000100000001000
0000000000000000000001000000010000000100000001000000010000000100
0000000000000000000000100000001000000010000000100000001000000010
0000000000000000000000010000000100000001000000010000000100000001
0000000000000000000000001000000010000000100000001000000010000000
0000000000000000000000000100000001000000010000000100000001000000
0000000000000000000000000010000000100000001000000010000000100000
0000000000000000000000000001000000010000000100000001000000010000
0000000000000000000000000000100000001000000010000000100000001000
0000000000000000000000000000010000000100000001000000010000000100
0000000000000000000000000000001000000010000000100000001000000010
0000000000000000000000000000000100000001000000010000000100000001
0000000000000000000000000000000010000000100000001000000010000000
0000000000000000000000000000000001000000010000000100000001000000
0000000000000000000000000000000000100000001000000010000000100000
0000000000000000000000000000000000010000000100000001000000010000
0000000000000000000000000000000000001000000010000000100000001000
0000000000000000000000000000000000000100000001000000010000000100
0000000000000000000000000000000000000010000000100000001000000010
0000000000000000000000000000000000000001000000010000000100000001
0000000000000000000000000000000000000000100000001000000010000000
0000000000000000000000000000000000000000010000000100000001000000
0000000000000000000000000000000000000000001000000010000000100000
0000000000000000000000000000000000000000000100000001000000010000
0000000000000000000000000000000000000000000010000000100000001000
0000000000000000000000000000000000000000000001000000010000000100
0000000000000000000000000000000000000000000000100000001000000010
0000000000000000000000000000000000000000000000010000000100000001
0000000000000000000000000000000000000000000000001000000010000000
0000000000000000000000000000000000000000000000000100000001000000
0000000000000000000000000000000000000000000000000010000000100000
0000000000000000000000000000000000000000000000000001000000010000
0000000000000000000000000000000000000000000000000000100000001000
0000000000000000000000000000000000000000000000000000010000000100
0000000000000000000000000000000000000000000000000000001000000010
0000000000000000000000000000000000000000000000000000000100000001
0000000000000000000000000000000000000000000000000000000010000000
0000000000000000000000000000000000000000000000000000000001000000
0000000000000000000000000000000000000000000000000000000000100000
0000000000000000000000000000000000000000000000000000000000010000
0000000000000000000000000000000000000000000000000000000000001000
0000000000000000000000000000000000000000000000000000000000000100
0000000000000000000000000000000000000000000000000000000000000010
0000000000000000000000000000000000000000000000000000000000000001
0000000000000000000000000000000000000000000000000000000000000000
0000000000000000000000000000000000000000000000000000000000000000
0000000000000000000000000000000000000000000000000000000000000000
0000000000000000000000000000000000000000000000000000000000000000
0000000000000000000000000000000000000000000000000000000000000000
0000000000000000000000000000000000000000000000000000000000000000
0000000000000000000000000000000000000000000000000000000000000000
0000000000000000000000000000000000000000000000000000000000000000
// down moves
//
// 45 deg moves
0000000000000000000000000000000000000000000000000000000000000000
0000000000000000000000000000000000000000000000000000000000000000
0000000000000000000000000000000000000000000000000000000000000000
0000000000000000000000000000000000000000000000000000000000000000
0000000000000000000000000000000000000000000000000000000000000000
0000000000000000000000000000000000000000000000000000000000000000
0000000000000000000000000000000000000000000000000000000000000000
0000000000000000000000000000000000000000000000000000000000000000
0100000000000000000000000000000000000000000000000000000000000000
0010000000000000000000000000000000000000000000000000000000000000
0001000000000000000000000000000000000000000000000000000000000000
0000100000000000000000000000000000000000000000000000000000000000
0000010000000000000000000000000000000000000000000000000000000000
0000001000000000000000000000000000000000000000000000000000000000
0000000100000000000000000000000000000000000000000000000000000000
0000000000000000000000000000000000000000000000000000000000000000
0010000001000000000000000000000000000000000000000000000000000000
0001000000100000000000000000000000000000000000000000000000000000
0000100000010000000000000000000000000000000000000000000000000000
0000010000001000000000000000000000000000000000000000000000000000
0000001000000100000000000000000000000000000000000000000000000000
0000000100000010000000000000000000000000000000000000000000000000
0000000000000001000000000000000000000000000000000000000000000000
0000000000000000000000000000000000000000000000000000000000000000
0001000000100000010000000000000000000000000000000000000000000000
0000100000010000001000000000000000000000000000000000000000000000
0000010000001000000100000000000000000000000000000000000000000000
0000001000000100000010000000000000000000000000000000000000000000
0000000100000010000001000000000000000000000000000000000000000000
0000000000000001000000100000000000000000000000000000000000000000
0000000000000000000000010000000000000000000000000000000000000000
0000000000000000000000000000000000000000000000000000000000000000
0000100000010000001000000100000000000000000000000000000000000000
0000010000001000000100000010000000000000000000000000000000000000
0000001000000100000010000001000000000000000000000000000000000000
0000000100000010000001000000100000000000000000000000000000000000
0000000000000001000000100000010000000000000000000000000000000000
0000000000000000000000010000001000000000000000000000000000000000
0000000000000000000000000000000100000000000000000000000000000000
0000000000000000000000000000000000000000000000000000000000000000
0000010000001000000100000010000001000000000000000000000000000000
0000001000000100000010000001000000100000000000000000000000000000
0000000100000010000001000000100000010000000000000000000000000000
0000000000000001000000100000010000001000000000000000000000000000
0000000000000000000000010000001000000100000000000000000000000000
0000000000000000000000000000000100000010000000000000000000000000
0000000000000000000000000000000000000001000000000000000000000000
0000000000000000000000000000000000000000000000000000000000000000
0000001000000100000010000001000000100000010000000000000000000000
0000000100000010000001000000100000010000001000000000000000000000
0000000000000001000000100000010000001000000100000000000000000000
0000000000000000000000010000001000000100000010000000000000000000
0000000000000000000000000000000100000010000001000000000000000000
0000000000000000000000000000000000000001000000100000000000000000
0000000000000000000000000000000000000000000000010000000000000000
0000000000000000000000000000000000000000000000000000000000000000
0000000100000010000001000000100000010000001000000100000000000000
0000000000000001000000100000010000001000000100000010000000000000
0000000000000000000000010000001000000100000010000001000000000000
0000000000000000000000000000000100000010000001000000100000000000
0000000000000000000000000000000000000001000000100000010000000000
0000000000000000000000000000000000000000000000010000001000000000
0000000000000000000000000000000000000000000000000000000100000000
0000000000000000000000000000000000000000000000000000000000000000
// 45 deg moves
//
// 135 deg moves
0000000000000000000000000000000000000000000000000000000000000000
0000000000000000000000000000000000000000000000000000000000000000
0000000000000000000000000000000000000000000000000000000000000000
0000000000000000000000000000000000000000000000000000000000000000
0000000000000000000000000000000000000000000000000000000000000000
0000000000000000000000000000000000000000000000000000000000000000
0000000000000000000000000000000000000000000000000000000000000000
0000000000000000000000000000000000000000000000000000000000000000
0000000000000000000000000000000000000000000000000000000000000000
1000000000000000000000000000000000000000000000000000000000000000
0100000000000000000000000000000000000000000000000000000000000000
0010000000000000000000000000000000000000000000000000000000000000
0001000000000000000000000000000000000000000000000000000000000000
0000100000000000000000000000000000000000000000000000000000000000
0000010000000000000000000000000000000000000000000000000000000000
0000001000000000000000000000000000000000000000000000000000000000
0000000000000000000000000000000000000000000000000000000000000000
0000000010000000000000000000000000000000000000000000000000000000
1000000001000000000000000000000000000000000000000000000000000000
0100000000100000000000000000000000000000000000000000000000000000
0010000000010000000000000000000000000000000000000000000000000000
0001000000001000000000000000000000000000000000000000000000000000
0000100000000100000000000000000000000000000000000000000000000000
0000010000000010000000000000000000000000000000000000000000000000
0000000000000000000000000000000000000000000000000000000000000000
0000000000000000100000000000000000000000000000000000000000000000
0000000010000000010000000000000000000000000000000000000000000000
1000000001000000001000000000000000000000000000000000000000000000
0100000000100000000100000000000000000000000000000000000000000000
0010000000010000000010000000000000000000000000000000000000000000
0001000000001000000001000000000000000000000000000000000000000000
0000100000000100000000100000000000000000000000000000000000000000
0000000000000000000000000000000000000000000000000000000000000000
0000000000000000000000001000000000000000000000000000000000000000
0000000000000000100000000100000000000000000000000000000000000000
0000000010000000010000000010000000000000000000000000000000000000
1000000001000000001000000001000000000000000000000000000000000000
0100000000100000000100000000100000000000000000000000000000000000
0010000000010000000010000000010000000000000000000000000000000000
0001000000001000000001000000001000000000000000000000000000000000
0000000000000000000000000000000000000000000000000000000000000000
0000000000000000000000000000000010000000000000000000000000000000
0000000000000000000000001000000001000000000000000000000000000000
0000000000000000100000000100000000100000000000000000000000000000
0000000010000000010000000010000000010000000000000000000000000000
1000000001000000001000000001000000001000000000000000000000000000
0100000000100000000100000000100000000100000000000000000000000000
0010000000010000000010000000010000000010000000000000000000000000
0000000000000000000000000000000000000000000000000000000000000000
0000000000000000000000000000000000000000100000000000000000000000
0000000000000000000000000000000010000000010000000000000000000000
0000000000000000000000001000000001000000001000000000000000000000
0000000000000000100000000100000000100000000100000000000000000000
0000000010000000010000000010000000010000000010000000000000000000
1000000001000000001000000001000000001000000001000000000000000000
0100000000100000000100000000100000000100000000100000000000000000
0000000000000000000000000000000000000000000000000000000000000000
0000000000000000000000000000000000000000000000001000000000000000
0000000000000000000000000000000000000000100000000100000000000000
0000000000000000000000000000000010000000010000000010000000000000
0000000000000000000000001000000001000000001000000001000000000000
0000000000000000100000000100000000100000000100000000100000000000
0000000010000000010000000010000000010000000010000000010000000000
1000000001000000001000000001000000001000000001000000001000000000
// 135 deg moves
//
// 225 deg moves
0000000000000000000000000000000000000000000000000000000000000000
0000000010000000000000000000000000000000000000000000000000000000
0000000001000000100000000000000000000000000000000000000000000000
0000000000100000010000001000000000000000000000000000000000000000
0000000000010000001000000100000010000000000000000000000000000000
0000000000001000000100000010000001000000100000000000000000000000
0000000000000100000010000001000000100000010000001000000000000000
0000000000000010000001000000100000010000001000000100000010000000
0000000000000000000000000000000000000000000000000000000000000000
0000000000000000100000000000000000000000000000000000000000000000
0000000000000000010000001000000000000000000000000000000000000000
0000000000000000001000000100000010000000000000000000000000000000
0000000000000000000100000010000001000000100000000000000000000000
0000000000000000000010000001000000100000010000001000000000000000
0000000000000000000001000000100000010000001000000100000010000000
0000000000000000000000100000010000001000000100000010000001000000
0000000000000000000000000000000000000000000000000000000000000000
0000000000000000000000001000000000000000000000000000000000000000
0000000000000000000000000100000010000000000000000000000000000000
0000000000000000000000000010000001000000100000000000000000000000
0000000000000000000000000001000000100000010000001000000000000000
0000000000000000000000000000100000010000001000000100000010000000
0000000000000000000000000000010000001000000100000010000001000000
0000000000000000000000000000001000000100000010000001000000100000
0000000000000000000000000000000000000000000000000000000000000000
0000000000000000000000000000000010000000000000000000000000000000
0000000000000000000000000000000001000000100000000000000000000000
0000000000000000000000000000000000100000010000001000000000000000
0000000000000000000000000000000000010000001000000100000010000000
0000000000000000000000000000000000001000000100000010000001000000
0000000000000000000000000000000000000100000010000001000000100000
0000000000000000000000000000000000000010000001000000100000010000
0000000000000000000000000000000000000000000000000000000000000000
0000000000000000000000000000000000000000100000000000000000000000
0000000000000000000000000000000000000000010000001000000000000000
0000000000000000000000000000000000000000001000000100000010000000
0000000000000000000000000000000000000000000100000010000001000000
0000000000000000000000000000000000000000000010000001000000100000
0000000000000000000000000000000000000000000001000000100000010000
0000000000000000000000000000000000000000000000100000010000001000
0000000000000000000000000000000000000000000000000000000000000000
0000000000000000000000000000000000000000000000001000000000000000
0000000000000000000000000000000000000000000000000100000010000000
0000000000000000000000000000000000000000000000000010000001000000
0000000000000000000000000000000000000000000000000001000000100000
0000000000000000000000000000000000000000000000000000100000010000
0000000000000000000000000000000000000000000000000000010000001000
0000000000000000000000000000000000000000000000000000001000000100
0000000000000000000000000000000000000000000000000000000000000000
0000000000000000000000000000000000000000000000000000000010000000
0000000000000000000000000000000000000000000000000000000001000000
0000000000000000000000000000000000000000000000000000000000100000
0000000000000000000000000000000000000000000000000000000000010000
0000000000000000000000000000000000000000000000000000000000001000
0000000000000000000000000000000000000000000000000000000000000100
0000000000000000000000000000000000000000000000000000000000000010
0000000000000000000000000000000000000000000000000000000000000000
0000000000000000000000000000000000000000000000000000000000000000
0000000000000000000000000000000000000000000000000000000000000000
0000000000000000000000000000000000000000000000000000000000000000
0000000000000000000000000000000000000000000000000000000000000000
0000000000000000000000000000000000000000000000000000000000000000
0000000000000000000000000000000000000000000000000000000000000000
0000000000000000000000000000000000000000000000000000000000000000
// 225 deg moves
//
// 315 deg moves
0000000001000000001000000001000000001000000001000000001000000001
0000000000100000000100000000100000000100000000100000000100000000
0000000000010000000010000000010000000010000000010000000000000000
0000000000001000000001000000001000000001000000000000000000000000
0000000000000100000000100000000100000000000000000000000000000000
0000000000000010000000010000000000000000000000000000000000000000
0000000000000001000000000000000000000000000000000000000000000000
0000000000000000000000000000000000000000000000000000000000000000
0000000000000000010000000010000000010000000010000000010000000010
0000000000000000001000000001000000001000000001000000001000000001
0000000000000000000100000000100000000100000000100000000100000000
0000000000000000000010000000010000000010000000010000000000000000
0000000000000000000001000000001000000001000000000000000000000000
0000000000000000000000100000000100000000000000000000000000000000
0000000000000000000000010000000000000000000000000000000000000000
0000000000000000000000000000000000000000000000000000000000000000
0000000000000000000000000100000000100000000100000000100000000100
0000000000000000000000000010000000010000000010000000010000000010
0000000000000000000000000001000000001000000001000000001000000001
0000000000000000000000000000100000000100000000100000000100000000
0000000000000000000000000000010000000010000000010000000000000000
0000000000000000000000000000001000000001000000000000000000000000
0000000000000000000000000000000100000000000000000000000000000000
0000000000000000000000000000000000000000000000000000000000000000
0000000000000000000000000000000001000000001000000001000000001000
0000000000000000000000000000000000100000000100000000100000000100
0000000000000000000000000000000000010000000010000000010000000010
0000000000000000000000000000000000001000000001000000001000000001
0000000000000000000000000000000000000100000000100000000100000000
0000000000000000000000000000000000000010000000010000000000000000
0000000000000000000000000000000000000001000000000000000000000000
0000000000000000000000000000000000000000000000000000000000000000
0000000000000000000000000000000000000000010000000010000000010000
0000000000000000000000000000000000000000001000000001000000001000
0000000000000000000000000000000000000000000100000000100000000100
0000000000000000000000000000000000000000000010000000010000000010
0000000000000000000000000000000000000000000001000000001000000001
0000000000000000000000000000000000000000000000100000000100000000
0000000000000000000000000000000000000000000000010000000000000000
0000000000000000000000000000000000000000000000000000000000000000
0000000000000000000000000000000000000000000000000100000000100000
0000000000000000000000000000000000000000000000000010000000010000
0000000000000000000000000000000000000000000000000001000000001000
0000000000000000000000000000000000000000000000000000100000000100
0000000000000000000000000000000000000000000000000000010000000010
0000000000000000000000000000000000000000000000000000001000000001
0000000000000000000000000000000000000000000000000000000100000000
0000000000000000000000000000000000000000000000000000000000000000
0000000000000000000000000000000000000000000000000000000001000000
0000000000000000000000000000000000000000000000000000000000100000
0000000000000000000000000000000000000000000000000000000000010000
0000000000000000000000000000000000000000000000000000000000001000
0000000000000000000000000000000000000000000000000000000000000100
0000000000000000000000000000000000000000000000000000000000000010
0000000000000000000000000000000000000000000000000000000000000001
0000000000000000000000000000000000000000000000000000000000000000
0000000000000000000000000000000000000000000000000000000000000000
0000000000000000000000000000000000000000000000000000000000000000
0000000000000000000000000000000000000000000000000000000000000000
0000000000000000000000000000000000000000000000000000000000000000
0000000000000000000000000000000000000000000000000000000000000000
0000000000000000000000000000000000000000000000000000000000000000
0000000000000000000000000000000000000000000000000000000000000000
0000000000000000000000000000000000000000000000000000000000000000
// 315 deg moves